27551
32864
41546
41777
50755
62121
98905
102380
114932
123709
126218
128454
131182
135598
164710
168917
176393
191749
213326
218704
242146
255998
259314
269012
276357
282886
286392
293542
295517
296499
303660
313513
336369
340002
359563
368382
387282
402568
403847
423585
423705
425934
440556
458748
464362
473469
487395
494922
525110
549481
564541
575512
581014
596051
598988
601193
612115
645794
652362
674561
675319
691925
698785
706925
712559
732302
734741
756652
759393
770365
799183
811734
847915
876330
900787
904185
904186
911883
917796
923596
967928
980973
981540
983995
984114
987311
1003028
1003840
1005587
1006081
1033312
1036974
1045143
1050186
1050684
1073952
1082946
1102515
1127737
1149109
1154611
1184620
1200843
1224927
1248895
1249315
1264319
1274455
1281505
1287123
1315120
1347977
1353770
1357146
1362589
1371589
1372887
1409474
1412158
1426714
1426715
1434352
1435851
1474910
1475311
1498130
1516510
1525329
1533292
1539051
1546123
1546124
1557341
1557499
1561110
1571945
1580833
1586457
1596508
1621413
1637760
1639384
1641882
1644289
1662004
1669772
1686814
1689516
1697104
1710476
1761063